0.0267438
0.279803
0.0162405
0.0920341
0.0571482
0.056143
0.036613
0.0747063
0.0845076
0.0435442
0.0288991
0.057578
0.100958
0.0459244
0.0333336
0.0365104
0.0556567
0.0913965
0.112096
0.0916276
0.0675279
0.0551848
0.0511125
0.0533242
0.0622657
0.0784825
0.107013
0.153105
0.212137
0.243987
0.21519
0.161676
0.118876
0.0913578
0.074068
0.0634672
0.0589189
0.055665
0.0559399
0.0563206
0.0598648
0.0637506
0.0682077
0.0743563
0.0821623
0.0914672
0.10226
0.114803
0.129367
0.146388
0.166296
0.189678
0.216457
0.246616
0.280882
0.320372
0.364829
0.41346
0.467017
0.524928
0.585103
0.646872
0.707841
0.764531
0.815514
0.855724
0.885314
0.898735
0.897252
0.868234
0.808908
0.778199
0.790795
0.788423
0.772845
0.763566
0.758996
0.773305
0.804362
0.838555
0.868843
0.885435
0.888221
0.885085
0.877599
0.868222
0.861412
0.855382
0.847954
0.841384
0.835569
0.827654
0.818426
0.810692
0.803953
0.796464
0.789363
0.784635
0.781538
0.778114
0.774531
0.772502
0.77235
0.772593
0.772263
0.772196
0.773659
0.77661
0.779884
0.782748
0.785701
0.789722
0.795087
0.801124
0.806987
0.812472
0.818076
0.824382
0.83148
0.838918
0.846114
0.852793
0.8591
0.865371
0.871819
0.878371
0.88473
0.890552
0.895614
0.899868
0.90339
0.906298
0.908668
0.910491
0.911667
0.912027
0.91137
0.909527
0.906419
0.902098
0.896739
0.890579
0.883822
0.876551
0.86868
0.859982
0.850183
0.839083
0.826669
0.81315
0.798914
0.784408
0.769976
0.755729
0.741476
0.726765
0.711016
0.693722
0.674665
0.654079
0.632731
0.611879
0.593132
0.578214
0.568706
0.565802
0.570124
0.581632
0.59963
0.622866
0.649706
0.67833
0.706939
0.733927
0.758006
0.778269
0.794196
0.805615
0.812624
0.815511
0.814659
0.810481
0.803363
0.793641
0.781592
0.767448
0.751416
0.733701
0.714524
0.694139
0.672836
0.65093
0.628754
0.606636
0.584881
0.563749
0.543447
0.524114
0.505823
0.488584
