0.3
0.424121
0.548241
0.672362
0.796482
0.920603
1.04472
1.16884
1.29296
1.41709
1.54121
1.66533
1.78945
1.91357
2.03769
2.16181
2.28593
2.41005
2.53417
2.65829
2.78241
2.90653
3.03065
3.15477
3.27889
3.40302
3.52714
3.65126
3.77538
3.8995
4.02362
4.14774
4.27186
4.39598
4.5201
4.64422
4.76834
4.89246
5.01658
5.1407
5.26482
5.38894
5.51307
5.63719
5.76131
5.88543
6.00955
6.13367
6.25779
6.38191
6.50603
6.63015
6.75427
6.87839
7.00251
7.12663
7.25075
7.37487
7.49899
7.62312
7.74724
7.87136
7.99548
8.1196
8.24372
8.36784
8.49196
8.61608
8.7402
8.86432
8.98844
9.11256
9.23668
9.3608
9.48492
9.60905
9.73317
9.85729
9.98141
10.1055
10.2296
10.3538
10.4779
10.602
10.7261
10.8503
10.9744
11.0985
11.2226
11.3467
11.4709
11.595
11.7191
11.8432
11.9673
12.0915
12.2156
12.3397
12.4638
12.5879
12.7121
12.8362
12.9603
13.0844
13.2085
13.3327
13.4568
13.5809
13.705
13.8291
13.9533
14.0774
14.2015
14.3256
14.4497
14.5739
14.698
14.8221
14.9462
15.0704
15.1945
15.3186
15.4427
15.5668
15.691
15.8151
15.9392
16.0633
16.1874
16.3116
16.4357
16.5598
16.6839
16.808
16.9322
17.0563
17.1804
17.3045
17.4286
17.5528
17.6769
17.801
17.9251
18.0492
18.1734
18.2975
18.4216
18.5457
18.6698
18.794
18.9181
19.0422
19.1663
19.2905
19.4146
19.5387
19.6628
19.7869
19.9111
20.0352
20.1593
20.2834
20.4075
20.5317
20.6558
20.7799
20.904
21.0281
21.1523
21.2764
21.4005
21.5246
21.6487
21.7729
21.897
22.0211
22.1452
22.2693
22.3935
22.5176
22.6417
22.7658
22.8899
23.0141
23.1382
23.2623
23.3864
23.5106
23.6347
23.7588
23.8829
24.007
24.1312
24.2553
24.3794
24.5035
24.6276
24.7518
24.8759
25
