0.3
0.301497
0.303009
0.304536
0.306079
0.307637
0.309211
0.310802
0.312408
0.314032
0.315673
0.31733
0.319006
0.320699
0.32241
0.324139
0.325888
0.327655
0.329441
0.331247
0.333073
0.334919
0.336786
0.338673
0.340582
0.342513
0.344465
0.34644
0.348438
0.350459
0.352504
0.354572
0.356665
0.358783
0.360926
0.363095
0.36529
0.367511
0.36976
0.372037
0.374342
0.376675
0.379038
0.381431
0.383854
0.386308
0.388793
0.391311
0.393862
0.396446
0.399064
0.401717
0.404406
0.407131
0.409892
0.412692
0.41553
0.418407
0.421325
0.424283
0.427283
0.430326
0.433413
0.436544
0.439721
0.442944
0.446215
0.449535
0.452904
0.456324
0.459797
0.463322
0.466902
0.470538
0.474231
0.477982
0.481794
0.485666
0.489601
0.493601
0.497666
0.501799
0.506001
0.510274
0.51462
0.51904
0.523537
0.528113
0.532769
0.537509
0.542333
0.547245
0.552246
0.55734
0.562528
0.567814
0.573201
0.57869
0.584286
0.589991
0.595808
0.601742
0.607794
0.61397
0.620273
0.626706
0.633274
0.639981
0.646832
0.653831
0.660983
0.668294
0.675767
0.68341
0.691228
0.699227
0.707413
0.715793
0.724374
0.733163
0.742168
0.751397
0.760858
0.770561
0.780515
0.790728
0.801213
0.81198
0.82304
0.834405
0.846088
0.858104
0.870465
0.883188
0.896289
0.909784
0.923691
0.93803
0.952822
0.968087
0.98385
1.00013
1.01697
1.03438
1.05239
1.07104
1.09037
1.11041
1.1312
1.15278
1.1752
1.19851
1.22276
1.24801
1.27433
1.30179
1.33045
1.3604
1.39174
1.42455
1.45894
1.49504
1.53297
1.57287
1.61491
1.65926
1.7061
1.75568
1.80821
1.86399
1.92332
1.98656
2.05409
2.12637
2.20393
2.28736
2.37735
2.47471
2.58039
2.6955
2.82136
2.95955
3.11197
3.28094
3.46932
3.68064
3.91938
4.19124
4.50362
4.86632
5.29255
5.80062
6.4166
7.17893
8.14683
9.4164
11.1547
13.6801
17.6836
25
